R_sun = 695990;
mu_sun = 132712440017.99;
R_moon = 1738.2;
mu_moon = 4902.8005821478;
